0.2375635509552838 1.2432230509168511 0.12316185900910472 2.3627603741150716
0.23563274934033712 1.2300038614377542 0.09987298379152276 1.939645944642365
0.29285207867216617 1.6523838346407806 0.12677740968623366 1.9247168475852359
0.25416908637314967 1.3597380265418348 0.10108758865179186 2.3273386232362134
0.23768084879598053 1.2440282855259874 0.10103587461476168 1.489989406296128
0.25460582979575164 1.3628725599057 0.09108093126793723 1.624060140968724
0.24053809022929623 1.263719704263586 0.11473595427396244 1.8302005554777994
0.24336384893981494 1.2833404218253162 0.09894003595143813 1.716603360214831
0.24387172687666206 1.286882430964409 0.12988815416570745 1.8639519614742153
0.2552129861930336 1.3672362649090533 0.1470898413701176 2.435293834698266
0.24204276302950603 1.274149222913646 0.12362884326720053 1.8143046785397456
0.23493774301435494 1.2252618477359611 0.10755417950422552 1.7587833021256476
0.23391552779278155 1.2183029284017959 0.10225402388328574 2.0721191904506715
0.23445939503324773 1.2220030918193912 0.1086724834183002 1.840629749107303
0.23709133974982488 1.239983886526584 0.10531529948251653 1.980087271749587
0.2378791483772848 1.2453901503999698 0.13280188382204677 2.0944015263309885
0.23420398420782912 1.2202647672730185 0.13212493520609986 2.2217463680926484
0.242173455405121 1.2750570614849406 0.1033165569960269 1.6270569378269804
0.23606604054311392 1.232964564681304 0.07939470441663951 1.5076353152060513
0.23563558456798384 1.230023223798122 0.14893141801840054 1.9548047580374779
0.24210692967311007 1.2745949095154767 0.10877324817220807 2.2203512129569885
0.23947027428483414 1.2563432592960049 0.09640845804053266 1.4592073737091342
0.26909029042167976 1.4689506032173645 0.09889253957468451 2.2712558618331724
0.2635432099803389 1.42783313572746 0.10089196709789315 2.127566016735086
0.23802833599124842 1.2464151955579454 0.13441622675306913 2.123814734735653
0.2498865554201917 1.3291954214806558 0.11961405898151982 1.9185852713676665
0.2441699914706556 1.2889647870207472 0.12246962423347586 2.3476270373132087
0.23628089729778365 1.2344339389737002 0.1014598695327487 1.8300235614558529
0.2362962298998151 1.2345388280282814 0.11396334698106952 1.759087908849918
0.2430879192393148 1.2814180436783493 0.12606899011940223 2.4265765699919464
0.2342877806001781 1.220834957195053 0.12741091888992673 2.456177504078374
0.23967938698661892 1.2577861729756614 0.1353765113707807 2.013700041083256
0.258608344517298 1.3917708501213284 0.12024519491962533 2.2991587493667502
0.2559008277121969 1.3721884670727003 0.10226419423858972 1.7197258242314886
0.2374387650301718 1.2423666835200058 0.11062461585290029 1.7564615505796763
0.2370146240480983 1.2394580286313746 0.10675814311747649 2.010457151142169
0.23393187120110248 1.2184140430901869 0.16510088474261986 2.39901370229385
0.2442264152758112 1.2893588988110856 0.08904134478253346 1.4756290731448132
0.23372696157958656 1.2170212573640078 0.12223279197949466 1.9045063077662716
0.2374680455562229 1.2425676015905116 0.07564143486840935 1.8626355631631437
0.23418595924311306 1.2201421332736488 0.09577497779986588 1.599041364414556
0.23599152338971438 1.2324551456583719 0.13201094870937097 1.8450707918532328
0.2389583336789827 1.2528141277575804 0.10219112852851346 1.9897913439137114
0.24544754418903988 1.2979027419130482 0.09870356002710017 2.0763640186685848
0.2377880030830506 1.2447641025581369 0.09202646840692985 1.5301137808847314
0.24151029635951807 1.2704537422847182 0.12413328656186787 1.8788848668737272
0.24598894057790474 1.3016995714334725 0.1528279730701846 2.7234249084683397
0.2371381546309699 1.2403048372669105 0.12520090256517263 1.7870610321387612
0.2506177831499548 1.3343857544039068 0.07359706540577989 1.8082945670458255
0.24881479954690633 1.3216062424996458 0.13392002752273138 2.3343807497609865
0.23348402955973763 1.2153709953469995 0.11364043019796198 1.8104849036939128
0.24729759292528297 1.310899748024763 0.11619787330060999 1.8565861829723254
0.25846847974053455 1.3907557615404937 0.14081927035459743 2.391907960488791
0.23822402893501965 1.2477603804198343 0.05802042828092897 1.4751798224162231
0.2443226248801991 1.2900310441574983 0.12590713825112604 2.3344933405323713
0.25033738194165045 1.3323942396037154 0.13287841291626637 1.7118119563529806
0.24194418236949006 1.2734646515499704 0.1016703264482992 1.9785029720715657
0.23883163001793573 1.2519414118508603 0.07177842401282224 1.4661573857898655
0.23670734543361555 1.2373528064627601 0.10372788897106426 1.7471887143424225
0.24698353504283752 1.3086889207355947 0.10880191078568303 1.8430895429838026
0.23871680531163395 1.2511507673347766 0.08761242746795078 1.7469245375007159
0.24755264275090966 1.3126965429013389 0.11738799592487903 1.6607111822908975
0.23401092248521135 1.2189515596558447 0.09603252618127808 1.6607992390388233
0.2424118839761863 1.276714083295599 0.06469426192532861 1.4997119844034486
0.24469132454911927 1.2926084615249172 0.10074966340954136 2.038218727381522
0.2387126884196255 1.25112242422255 0.10473368305561732 1.7072653780940459
0.24472738652730303 1.29286069006822 0.09193107268726333 1.5826872385821864
0.26053476643024065 1.405791199997766 0.16489659956484423 2.6177091075777077
0.23416209317952874 1.2199797678666502 0.1052031492455478 1.7158179066094286
0.2640134923533537 1.4312950353644727 0.10500129178853726 1.771154279462826
0.23522079083925856 1.227192036873718 0.08055051470079541 1.8130908346039762
0.2463640461743927 1.3043333976384213 0.11011600143543714 1.868104619758071
0.23551683251123387 1.2292123642259685 0.08216876437852808 1.697392409577356
0.2388114998841926 1.2518027852403975 0.08304473509419018 1.79244700184439
0.26026054510586805 1.403790980867757 0.08475337519558367 1.4476729327909466
0.24587732304584609 1.3009163481402215 0.10625477187803244 1.735008510594723
0.26802701842271376 1.4610208715657507 0.12321141161070395 1.9218968738226305
0.26860294601802787 1.4653131958586585 0.11410309854487591 1.879668042245246
0.24389458863668118 1.2870419838759115 0.08971999374023899 1.6579716743770514
0.2760608711048704 1.5215131103488047 0.17355258769052975 3.403421431406443
0.23849274231071838 1.2496086310552834 0.1329224761335104 2.57871513938764
0.24099055206413805 1.2668515594250733 0.1366604706131951 2.474644815700404
0.2335617803158663 1.2158990503427243 0.08171078565522058 1.9292815056464698
0.23800138318149744 1.2462299772393977 0.17433597850747237 2.799197872320351
0.2354050214202208 1.2284491289902921 0.08987151028865348 1.7964168646804175
0.23697246554901918 1.239169092660482 0.13680580008355325 2.6659921886469817
0.23921711664813197 1.2545974893925074 0.0717200136151577 1.2996435384411078
0.2464207225469757 1.304731582170827 0.12206414961970677 1.9633481745034163
0.2786448261704918 1.541255815104244 0.10361882400471001 1.9445038487285418
0.23869522035910123 1.251002167203062 0.12157415882585576 2.163653732116726
0.2535971921172192 1.3556390542231342 0.1418166664477062 2.260066575244719
0.253560422869025 1.3553757306599643 0.1196748688601708 2.203229410191477
0.2689947836072428 1.4682373839809073 0.1637384130169823 2.518180860806627
0.2369774348419913 1.2392031483678865 0.11935900954071554 1.8536611412706718
0.23601541099502543 1.2326184368412958 0.0854505591469494 1.5717034124894325
0.2416968495719125 1.2717478876983586 0.1179074152162969 2.089673982465342
0.23846904288335996 1.2494455704167402 0.10480060497616624 1.708483983984603
0.24035270463786493 1.2624375777549608 0.12479139809843394 1.9500561146792126
0.24721938975356336 1.3103490601249677 0.08407996911205298 1.3858593164019104
0.23492893145924895 1.225201781986447 0.14425207215755773 2.3803903504588075
0.24819773872556436 1.317246606622672 0.10189648943506668 2.0640519347292843
0.2441875765756208 1.2890876100215474 0.08200876696947283 1.3486706542308444
0.23820712842425099 1.2476441797713167 0.15794361362345394 2.648700618215137
0.2378392232226315 1.245115898866968 0.13734581818284633 2.177472830234251
0.2943907678681996 1.664687918333118 0.18205596778020453 2.950742199692471
0.25617005507766255 1.374129297613303 0.1269616416865561 2.2734781881377
0.23663187775255898 1.2368360227736448 0.13840550113061503 2.2684144835799005
0.24705090029730217 1.3091629866819052 0.13277583320000982 1.805846734910681
0.24091882896745329 1.2663548567178502 0.13877934173061546 2.1362905560580883
0.23842915242097865 1.2491711325137003 0.12217251027488166 1.8450759868969666
0.24504015593680611 1.2950493061005999 0.11459381268726561 2.1771156136789505
0.23663965336880996 1.2368892635154507 0.082654412568159 1.575111498293831
0.2545652205897969 1.3625809503507949 0.11887230747420954 2.1090818307159434
0.23717477371338824 1.2405559157017982 0.08884831211386408 1.5803684747216766
0.27005990451553513 1.4762019865504403 0.14680893574782547 2.35331589367398
0.23766741982113343 1.243936084777885 0.06541867153166794 1.7683664094563105
0.24197244349039398 1.2736608863828782 0.1538276253802578 1.8340823537290132
0.24911239434742877 1.323711359681353 0.0992067477093524 1.7849084607038
0.23455838477402144 1.2226771273365464 0.0838331946858322 1.9839794175427228
0.24071440142678696 1.2649396531393187 0.11365556619420966 2.157004563420185
0.23888357688366943 1.2522991789656344 0.08487898189912764 1.687366506479405
0.23479092241542857 1.22426119590044 0.10984255643462802 1.9998787427790583
0.24846162129478377 1.3191101040962798 0.10355354379892993 1.9431372931227173
0.24223047566872116 1.2754532438753325 0.0965444651313607 1.6132614539098236
0.263625421127755 1.4284379994630865 0.10952703200831361 2.237630493617721
0.23518778068845697 1.2269668570301573 0.09244398400558872 1.592416987107056
0.2374945442398257 1.2427494444248903 0.07319061927445669 1.8913439678944401
0.25541160589698 1.3686653130775903 0.1698544357397969 2.2263300637223766
0.23743805110766816 1.2423617848959294 0.13014096240099687 1.9834217448361082
0.23341705327652043 1.2149162025505709 0.09760738944975599 2.238547344070196
0.24747527864643398 1.3121513935425113 0.09499648714514197 2.077493381379246
0.2561596690465035 1.374054399800281 0.14846187321552826 2.5443552015933353
0.23830443125995387 1.2483132628696174 0.11776976481922163 1.7168421240506067
0.2350052867145155 1.2257223189998598 0.10422080140226608 1.7564572916000758
0.23471918327483632 1.223772399358253 0.11978240641897309 1.7501750127979807
0.2520487745921535 1.3445724486570811 0.09566930180687722 2.0937638580417754
0.26863867460675483 1.4655796997532233 0.154982170539179 2.8672624982462986
0.2424968091773406 1.2773045451687175 0.10183012615521618 1.8374590024735236
0.2444763605845603 1.2911054371338064 0.09629550153126445 1.412633468643021
0.2357471467206691 1.2307852190270767 0.1073308361862441 2.1019007951004065
0.2527238870114408 1.3493918668735592 0.13477322650225115 1.7874189998321357
0.2360253423093131 1.2326863284455243 0.10454457891928892 1.7038228957975736
0.23998772893181844 1.2599152341213349 0.06979501397339918 1.7078681417354749
0.23492163911471475 1.2251520732897254 0.09955071050137189 1.669049678614697
0.25437481085232533 1.3612140658243794 0.11646875514576413 2.3044418611226156
0.2543950142351423 1.361359065694782 0.11420659922423042 2.1688106386361246
0.2527290100376416 1.349428471859967 0.06393094749678492 1.4134562498396595
0.2429104564868218 1.2801824165803561 0.07190300116957252 1.3543530309793452
0.2520983595416065 1.3449261241819235 0.13510022981024625 1.9504308498969276
0.2440297024322321 1.2879851441746917 0.11393640289680942 1.8158065841930293
0.24445692836650945 1.2909696095466618 0.08227512537233204 1.4529675315061126
0.23484515092584093 1.2246307441270465 0.14673216691842322 2.028304630606024
0.24857693339937922 1.3199248310947496 0.11479260184392516 2.181382076639138
0.2346904058747591 1.2235763495303142 0.09747238207602482 2.235116661192401
0.25189385021543714 1.343467718650658 0.11887743131822058 1.968928699551714
0.2706897616137104 1.4809227842851693 0.15585691106938887 2.5251316846223886
0.23879113423891965 1.2516625442357054 0.1443243648710023 1.9894073298851636
0.23604196667333965 1.2327999784563013 0.12997671855560708 1.762089319191976
0.23340014204084758 1.2148013818085048 0.09483791511959767 1.6980696664151584
0.24007032733487882 1.260485858785878 0.1389909133533723 2.1400731104324153
0.24659501721061847 1.3059564791137388 0.10571624739261534 1.8480681656345224
0.23977614185870777 1.2584540668788564 0.14548238523431933 2.1258354489840143
0.2452240370790623 1.2963368681733574 0.10294990833049714 1.930510397912768
0.2625733498158372 1.4207076263158493 0.16402208931814444 2.7706362647031484
0.23993645147550804 1.2595610501855663 0.11139322825597539 1.9597503910350536
0.24128084410119963 1.268862873013048 0.09831517106900557 1.9835975781356925
0.24114858569845052 1.2679463183479935 0.10159781686456625 1.7679304066687487
0.2521598719896182 1.3453649403855064 0.10496056703567226 1.972635636130201
0.2731891708667389 1.4997365862836252 0.11121799964779523 1.9562818109182232
0.25640320420023255 1.3758111795769628 0.08511396539804159 1.5649364349485448
0.24685788316688484 1.3078049040432609 0.1347864268409733 2.6205093422485923
0.2335458550986412 1.2157908833065356 0.09310384868792182 1.7269229097103487
0.2420997327375636 1.2745449175153698 0.07109257052830195 1.5839114481406424
0.24618730267188385 1.3030920560804125 0.13095997048506872 2.2750080958990795
0.243978815741474 1.2876298906402013 0.0780505809907777 1.3234899055529992
0.2349214461115596 1.225150757685204 0.09855332664685398 2.1637825592391096
0.23917704117300193 1.254321236246076 0.10817407156120827 2.299754168833041
0.2412722800736623 1.2688035143718956 0.1260860457816364 1.9732058155104855
0.24881844312188323 1.3216320062253588 0.10278035523598711 1.617645363262919
0.24181289253147809 1.2725532150263517 0.1138169351637285 1.8743484991473482
0.2507384927868106 1.3352435385883428 0.09312596087886223 1.7273751717355998
0.24874665160613446 1.3211244143275767 0.09997164295247418 2.2987924031484477
0.26032893364941717 1.4042896802574873 0.12654584334456448 2.0458780616132684
0.25311817938364156 1.3522106280579749 0.11700915154611079 1.6546413727096045
0.2404812984367663 1.263326865800437 0.09293338346475709 2.120370151949878
0.24497769008420364 1.2946120539735886 0.0977640081752445 1.6939884261491358
0.23419249701323747 1.2201866127432934 0.10895256203583803 2.4200201901925635
0.2381842111537838 1.24748661870467 0.14782768904320318 2.5316010732055103
0.24139636226638647 1.2696636788091744 0.11592135087500767 1.7382909430783977
0.24069664402247182 1.2648167587949992 0.08679830214793975 1.5988488010229007
0.24577508813473262 1.300199166363206 0.08151337171174015 1.614521424205236
0.23583271829527058 1.2313698433921134 0.06697521716034827 2.0352561125432054
0.2528505374446848 1.3502969552488975 0.1292143121029107 2.095421107239592
0.25301915785611606 1.3515024521223848 0.07715503351209393 1.4063661094551512
0.2395588980308386 1.2569546815235255 0.10784730842530343 2.11323772586154
0.24809060873393307 1.3164904446553434 0.08860108642460617 1.5197849121165983
0.2407425554448926 1.2651345115067925 0.12656055557138768 2.4374092091720447
0.24247369317180167 1.277143812742736 0.14341414321526433 2.713444501486845
0.2581624345191337 1.3885359297808586 0.11027632381490221 2.0849229416102335
0.23603982349788818 1.232785326675952 0.12022914912434418 2.4861538345779475
0.24860674210539946 1.3201354824236196 0.09402972606386341 1.8881609672965844
0.25222676923601567 1.3458422525014706 0.11911316677934838 2.2745868723792992
0.23795113681302782 1.2458847217662408 0.13238591494265858 1.7997343762489302
0.23866078858401532 1.2507651414395915 0.11718775037524613 1.9372281396929931
0.25138398147995866 1.3398351909273005 0.16128730293858845 2.332943874181438
0.23451211586375695 1.222362053910512 0.08981182505335523 1.4896577214051994
0.24281590139450568 1.279524290523773 0.06828017988985714 1.5889309359316963
0.23930905238312186 1.255231341979322 0.1509831599478211 2.0406329753067904
0.2446067661322045 1.29201712844347 0.13300585538896784 2.316001068413038
0.2377170548705178 1.2442768856284125 0.12419481787624884 2.806585856427113
0.24620420856230302 1.303210767852613 0.14250535642964315 1.9601666573352057
0.23981663092057298 1.2587336112494045 0.11395647330733327 2.2483409875506886
0.24599386529642617 1.3017341336600776 0.15462883386312762 2.761386574504232
0.25007561341125084 1.3305364052097097 0.10691125746629204 1.74701134315307
0.2375770352752179 1.243315606436779 0.08745209204179845 1.8966923707781997
0.23739339531400044 1.242055394593478 0.10346501388375258 1.804171700414751
0.23409108316273394 1.2194967329486806 0.10759844573267563 2.3863165204154475
0.2806321381345602 1.5565363571473299 0.15070513484456688 2.352445050487563
0.2442088921379046 1.2892364960293115 0.13510925422580433 2.5317668354262772
0.23606041191138155 1.2329260823922015 0.1062240108617112 1.794230238226016
0.27032461314402534 1.4781849927707063 0.10305100447263321 1.8620200004318646
0.24092728808965305 1.266413433646464 0.10210321311646506 2.3533802719480756
0.23672548695948026 1.2374770503023254 0.1003658538163434 2.0295878076368017
0.24218021956575017 1.275104056420419 0.09501117335440956 2.514415134021585
0.2531397431440609 1.3523648713036633 0.1266750026638607 2.1897734715217094
0.23524513105261016 1.2273580869015506 0.1073138256503774 1.417914662211057
0.24542281716940312 1.2977294606663952 0.16745517175982172 2.750837737184765
0.23375954511350341 1.2172426802250214 0.08301637094114851 1.6469861792518405
0.2818887823818607 1.5662424066207956 0.14103119476256015 2.2454936377586705
0.26375169718369457 1.4293673312894664 0.1160785595230253 2.389054925721918
0.24246899580413117 1.2771111517547038 0.07840160568960976 1.7606067580473348
0.23601362854725688 1.232606252010615 0.07940203699054933 1.569095681687101
0.24143338888146934 1.26992040977999 0.10830023792740895 1.772464975856368
0.2455812641791513 1.2988400175516088 0.06105028164794426 1.1828594084790118
0.28375370176151976 1.5807094191103181 0.1455426180046199 2.329559526803539
0.2343975219354055 1.2215818774339973 0.10005809982082102 1.943640826970773
0.2818047578513658 1.5655923596250292 0.11686030485221868 1.8685709208117454
0.23477491433573666 1.2241521164801203 0.10437882956120675 1.7594309653269866
0.2537580976817803 1.3567916872598047 0.08276683235785633 1.577447151048998
0.24418279050742153 1.2890541812069956 0.09314055317489818 1.9473192834662636
0.24979755115984942 1.3285643504213214 0.11634822276417052 1.9215226175134619
0.2532041923635586 1.352825922695097 0.13968926731378234 2.0274397172456484
0.2390035854281224 1.2531258854809448 0.11472040560190869 1.8911549863420916
0.2548441104563604 1.36458426349367 0.12203808216987753 2.429953315926197
0.25056439809474956 1.3340064788174386 0.10651174864625022 1.7397048360189282
0.24880921155072266 1.321566730253398 0.10160890089174215 1.7681450972198691
0.2589142843891155 1.3939925881056854 0.13031532396752943 2.0493102207675644
0.23699207981348294 1.2393035163051067 0.09516214097297547 2.2802850453088532
0.27932614884022766 1.5464850460148343 0.162954522921729 2.361754186350923
0.2400711620985394 1.2604916263190689 0.09610840276226143 1.9343399586968693
0.2514304760175989 1.3401662332887132 0.08711177590385201 1.809245894011093
0.25751916362842003 1.3838760713322642 0.10230875545883313 1.9923427178585902
0.2411577626500766 1.2680099045806004 0.10609628104586696 1.6760284784062958
0.24497233267655433 1.2945745562469928 0.07822172040901224 1.5437916442702952
0.24363515467134386 1.2852319527307785 0.17776503408192879 2.480864777883196
0.23509039533814524 1.2263026528655867 0.08813762661573556 1.6259041208920022
0.24107431556317369 1.2674317641665365 0.073158085326198 1.7966573850345202
0.23758075251443317 1.2433411219075154 0.11243885504691731 2.0531372993305403
0.23900229330129025 1.253116982978899 0.12528094412165044 1.8987437878904914
0.24664259324728569 1.306290929425609 0.12070922333939232 1.8775087679182338
0.2633294739205094 1.4262612168488715 0.09839568038195967 1.5411042785079847
0.27883325803913345 1.5427010632119718 0.14045348639343833 2.1015592127406113
0.24039316616318884 1.2627173562227125 0.07801409543572567 1.423349887932247
0.2678893246781846 1.4599956557061642 0.11784939818857586 2.0885083808043223
0.2692252980867256 1.4699591222213901 0.1616749492439452 2.7233425160096996
0.2977474012158445 1.69171624698589 0.10690253086537982 1.8070629746126947
0.2862511640232434 1.6002017612956718 0.09898121955376228 1.4128545266989345
0.24114420071479678 1.2679159357526706 0.12468525868322071 2.226908926285574
0.23665491131928174 1.2369937400080446 0.10383354380123776 1.58461232067685
0.2463935864848486 1.304540928054058 0.12347187614272852 1.8674635260535475
0.23520608986249955 1.2270917512701527 0.09106808934346095 1.9829750139964804
0.23354042591640872 1.2157540083188316 0.12402626593378223 2.1375030529508456
0.23560826453224834 1.229836655557785 0.08587735620867344 1.6422997750214554
0.23604303888128808 1.2328073086174687 0.14966095380199027 2.1351761800251583
0.23663664944130203 1.236868695071304 0.10673734097441395 1.8680512542491439
0.24578129372412807 1.300242693265381 0.1183457093184329 2.441979334463358
0.24612609287371862 1.3026622904480434 0.0938532810500616 1.8842508956760682
0.27360340626117485 1.5028671670431852 0.1137109879697618 2.242876198905796
0.23492167941011247 1.2251523479630775 0.11258267941387036 1.7350728547100516
0.24009183532982348 1.2606344654577868 0.09941882543239279 2.0930716557596223
0.2455872744741783 1.2988821529607562 0.09420274623177191 1.8180708286589682
0.24394428432728396 1.2873888448813802 0.1194420015410628 2.0477798505568523
0.23726834509943015 1.241197596643788 0.1346945268454301 2.001976561528312
0.2745003335298539 1.5096579383874689 0.16681740374908235 2.500008121864779
0.2389816675881939 1.2529748799282683 0.11403614207528248 1.9431694322684534
0.23788831531530155 1.245453123449677 0.12553544749039144 2.326612331182877
0.2555971763415241 1.3700011622612673 0.11945085683953213 2.28191018267331
0.23672239995498748 1.2374559082628638 0.09299686903867206 1.3592817224412066
0.2525334014056824 1.348031167551268 0.08012218857792634 2.200443880461515
0.2450255879415006 1.2949473257258337 0.11135501013487052 1.7137816994763437
0.23351642075047271 1.2155909715726123 0.11034753891820788 1.6963532800931254
0.23388705488367945 1.2181093596378139 0.15267902280366955 2.0676837158796775
0.23709403756156333 1.2400023809578975 0.11377725461200383 1.9381916455859782
0.27017262941310066 1.4770462643671396 0.14432790495757927 2.7336493017907726
0.2424350285801967 1.2768749883222206 0.09731530484582956 1.8846178612084945
0.23375922918602343 1.2172405332353018 0.10649266257542145 2.0835301857641757
0.2795142623077033 1.5479305810825637 0.1049969506895016 1.834018700134151
0.23540050105267263 1.2284182771415444 0.12229635618088278 2.258215978974389
0.2598952911485873 1.4011290554983526 0.1668302011187277 2.654551103612454
0.24686870085326337 1.307880999661663 0.08065490913082445 2.1011534111276693
0.27623825382486344 1.5228638962834822 0.16224511437447975 2.826321491559721
0.26767746119556846 1.4584189528209222 0.1580460694231187 2.4885439027722187
0.24672237959316923 1.3068519067977589 0.09907265266007466 1.7822305400181198
0.2369371208263122 1.2389268799456292 0.1371121785803375 2.777793302024153
0.28076248803365544 1.5575415750933537 0.08682155821250483 1.9676644648399195
0.2551366821051101 1.366687467542927 0.11668990899657265 2.2221991905045844
0.2378206757821994 1.2449885036501154 0.09098372513443607 1.683662081559268
0.2575062367536789 1.3837825117277436 0.12959765643495422 2.3277089925655092
0.2366779121712009 1.2371512427331897 0.13570252687716602 1.8519016386489433
0.24790917883318925 1.3152103385729712 0.08570871883800651 1.4655208889934686
0.2646828468707001 1.4362300056780928 0.18236179200251845 2.705764548455331
0.2408390589207898 1.265802536847963 0.11344876947827562 1.8675096515282703
0.23995940417882314 1.259719583319167 0.13497338945521936 2.006768043509784
0.23868300525075276 1.2509180768572945 0.09217680312620061 2.2014866912916746
0.238151053422651 1.2472586690909118 0.10901339382218013 2.225852991778885
0.2640367601598036 1.4314664320277328 0.10736507995605804 2.0232616750615597
0.23604230397431894 1.2328022844158546 0.1073145583243238 1.7543938350846233
0.26694605757974016 1.4529827999104232 0.13133537302971057 2.5432698969527223
0.24302270838360554 1.2809639300804427 0.09210101791537355 2.199493075998815
0.24222301660188833 1.2754014141569436 0.11000704946203728 2.003243811666113
0.23970447428489203 1.2579593329806098 0.12922933604597406 2.165829306142663
0.2747911843572833 1.5118636204302898 0.1098724481058726 1.5412631994053179
0.23415255284984582 1.2199148660055656 0.11067103961214853 1.7572903792052954
0.24404066910421557 1.2880617116955149 0.14880654736508117 2.2483931635033065
0.2341503051606235 1.219899575447154 0.09301190234285851 1.5481787364240753
0.2583786604976924 1.390104087454707 0.10042154736292754 1.5763760989330406
0.239171254646891 1.2542813502639114 0.11297498786980231 1.688481759806469
0.2516989199379712 1.3420783656616635 0.09235480047843787 1.851105418781553
0.2498776125743851 1.3291320068362364 0.12972359727087115 2.711749496026757
0.24680356697457145 1.3074228568409778 0.10133793815420655 1.542231935096683
0.23385882615165404 1.2179174650777898 0.13470235765637756 2.063762006571368
0.24332615106596156 1.2830777013384274 0.13833036805327076 1.9475744747617307
0.2579488456842589 1.3869877949711589 0.11042308835358355 2.088042156960397
0.24606154790072407 1.3022091835085379 0.11584806423596913 2.123546323706671
0.23481296891547032 1.2244114287258843 0.0856181736673282 1.2805967925631292
0.24905572417018912 1.323310359268612 0.09947172174825174 2.094308296468192
0.23850218678854906 1.249673615309603 0.0887231183278408 1.577924810127032
0.2391225354846797 1.253945557701113 0.12219944927565915 3.3341022715661435
0.25154606359402526 1.3409893981715302 0.14271355679868186 2.2767393297519707
0.2523692846855233 1.3468593856148376 0.11378639109269406 2.0072593817899476
0.27049048146800025 1.4794282920792072 0.11307278677086843 2.319305234837699
0.2504981476517773 1.33353587586095 0.10617023071603128 1.8569471099516572
0.24527414396342978 1.2966878325242703 0.10282779528170521 2.085078963936231
0.241791759561228 1.2724065358231973 0.10190811103064329 1.9836553226634643
0.23439177106145148 1.2215427305840219 0.1204890314608544 2.068189898512796
0.2626321821712608 1.421139330367027 0.12320566021050229 2.781091582911318
0.24335546107918218 1.2832819636692705 0.09155133414464144 2.18504298133126
0.26217163728281445 1.417761752755218 0.13021795591005506 2.723630749882555
0.23398749777746095 1.2187922696082059 0.12329791720164873 2.123185117328225
0.24682933569130927 1.3076041010071506 0.1164348287265851 2.498518982447443
0.2590452526750035 1.3949442417431628 0.11708205960843229 1.655809094175087
0.23408442282166841 1.219451431578588 0.10155756469436956 1.5459521856654717
0.24377596704289664 1.286214225032877 0.1481478780872804 2.0512776616653245
0.24794272073770166 1.3154469520112042 0.11239714862222232 2.0522793021693606
0.24411849478982672 1.2886051418080118 0.09856970263313347 1.709475510566482
0.255621486977949 1.3701762143849023 0.1268647674339022 2.3548289946072534
0.23722687732753772 1.2409132052537217 0.1227642412193929 1.9761847072541199
0.2549382091019654 1.3652605283795198 0.13744330077120023 2.325427618176375
0.27328331101979747 1.5004477363787319 0.10566048642899292 1.7241581082179123
0.2462030465663405 1.3032026082421064 0.1629718428672928 2.749441513171249
0.23538115700136342 1.228286256656004 0.11726776788451447 2.07683149872195
0.2688167837177904 1.4669086258402406 0.12483701410328626 1.730500622802276
0.23356497748030947 1.2159207666198377 0.10389269405279308 1.8789916495700805
0.2558932737931495 1.3721340319544968 0.1238760231385197 2.1345476196374933
0.24426533495145328 1.289630781186531 0.1331512814883744 2.169072238275845
0.24506101213076767 1.2951953126192666 0.099830041279474 1.8655187194341838
0.23488222333540126 1.2248834097068413 0.1357133977959484 1.9049442573546416
0.2564686619452808 1.3762835657188683 0.05935622570499209 0.9864899840007737
0.25078558229494624 1.3355782399675595 0.0933564915084289 1.9522988500129623
0.2391427987740106 1.2540852154265045 0.10055816537992356 2.0339114939414213
0.2518331579505701 1.343035060829906 0.1497306671449209 2.854000890388431
0.23481051289103322 1.2243946920585491 0.12906177117460627 2.092580836592641
0.23535464513831655 1.2281053276937128 0.0838453944223506 1.6649386518692995
0.23802243643645868 1.2463746530015432 0.10603297329156237 1.8542616967594914
0.2405089603951711 1.2635182009204988 0.11410899479653923 1.8797776848739234
0.23702036242702926 1.2394973594474201 0.08869596115415422 2.7595525335092383
0.26210619680930813 1.4172821627543541 0.15683916943139847 2.2566356227833495
0.2361142296901629 1.2332940513889004 0.0911758958502101 1.9855579649157924
0.2365040514177081 1.2359609332687191 0.10981252346690411 1.7419768063700505
0.2530999515933091 1.3520802535916085 0.11527426959225956 1.7273234034157503
0.24201083175617033 1.2739274638242564 0.08442049923484274 1.441462815191649
0.2436015871572158 1.28499784803133 0.13269794683622024 2.232856078890652
0.23492108308800574 1.2251482831397416 0.11414104624765117 2.0143218234082396
0.23873063462876945 1.251245978753249 0.11098631727191749 2.3670058361960957
0.23580939400987053 1.2312104790667056 0.13591159116407406 2.0852025806376164
0.24026691804949407 1.2618444895886938 0.10016755700484839 1.7402715583693402
0.23826035992617797 1.2480101941567852 0.1011717982433542 1.5394189015541515
0.2453906710868722 1.297504205317527 0.1364619346426422 2.09498044694873
0.24830888834664064 1.3180313683953462 0.14466557698304647 2.55336800498342
0.2548883922063214 1.3649024847628346 0.11152924546182733 2.1944407615284867
0.2393869474580325 1.2557685108945038 0.14544372594213945 2.327707256358336
0.2359134288002524 1.2319213769651944 0.11604085217488853 1.9818139184615546
0.23958769114104825 1.257153358139685 0.09392129062181528 2.1452467013246976
0.24084716630694958 1.2658586662844276 0.12062121427853098 2.6006747716169216
0.23806395934261965 1.2466600174963802 0.1340900231666724 2.5097102380411216
0.2535228459216028 1.3551066495478554 0.11564946132016467 1.68189027644983
0.24697023116269978 1.3085953080721835 0.11909681172284704 2.2742323312495927
0.2500979273845667 1.3306947222909757 0.1352312318835144 1.8971179652081904
0.2506454841623988 1.3345825783009038 0.13668711820294133 2.2357917170922783
0.2414623436407424 1.2701211904900624 0.13536848065329266 2.075565424368327
0.2540144206394071 1.358628861458624 0.10729431551628807 1.7540231279824439
0.24494453298531327 1.2943799883676488 0.09612407876319488 2.5469996846783745
0.24683563795128344 1.3076484298150008 0.15672238012076636 2.192066215603268
0.2407939133655584 1.2654900049440572 0.1329313943713797 2.1649410499943427
0.24220533296848007 1.2752785425765458 0.10294786193008983 2.0062168802820723
0.23354543319068177 1.2157880176903542 0.09962888046254154 2.0130357461330064
0.23737792110741732 1.2419492320415781 0.07316300806910729 1.4966716316537625
0.23719155576145795 1.240670989730503 0.11622604007565392 2.1313859578799024
0.24087209849684008 1.2660312855045173 0.1263614101755199 2.261175351858991
0.2335915973314417 1.2161015851433965 0.13908540706585068 2.2095077660442652
0.24737044131899952 1.31141283182202 0.12465889230075627 2.590799067209813
0.2477085966281527 1.3137958191684904 0.1352469719682833 2.44504607276913
0.2499961218492672 1.32997249112638 0.10984310609304843 2.0757216799145604
0.24926629997330071 1.3248007074387345 0.1098720799632882 1.8013654339683063
0.27366261298588257 1.5033149130631887 0.11860780382200165 1.783996506956481
0.253577018128593 1.3554945746665035 0.07186601885673136 1.2104991854117595
0.24242184356150354 1.276783322736848 0.1352241286872345 1.952499267743085
0.26617377808121856 1.4472545990072376 0.13888970621066088 2.3538467309365316
0.23887236378014381 1.2522219482350594 0.09825190911636418 1.9047325379473021
0.23444782783108178 1.2219243404349078 0.1147371557634882 2.357868801316085
0.24760555974799167 1.313069489274246 0.15416195549000608 2.416239232005083
0.26774052766323375 1.4588882025209207 0.11559835177289722 2.7050868629263256
0.23525894288524918 1.2274523165444393 0.13236846496718 2.1543744049022813
0.24263630744253437 1.2782747261445402 0.10083199282236062 2.6857341551504343
0.23768978683562902 1.2440896541808073 0.1242772126175962 2.299983462404165
0.24970737184306804 1.3279251005055157 0.16011007871031552 2.380326616012694
0.2552875169819968 1.3677724168530463 0.15919504108371293 2.2969503075075313
0.24451840266419192 1.291399327357094 0.08038153125622287 1.3664702424787918
0.23723677449511674 1.2409810785109168 0.11693068375157391 2.2273915629767638
0.23726136181550972 1.2411497022062539 0.1114243914545766 1.9603673973503715
0.25290973223419366 1.3507200871886647 0.14017055706691678 3.2264642304942557
0.23821917431169337 1.2477270015884658 0.0920803346181526 1.5311002420153326
0.291307186249357 1.6400838989513171 0.16315816959618457 2.7531978427328863
0.23382904056551396 1.2177150025955508 0.11711730843158968 2.149898418322394
0.2555538264853801 1.3696890439542864 0.10886347316085561 1.9098072096591838
0.24095015799525316 1.2665718075402062 0.11513726956072957 2.1088218011989017
0.2543393448131492 1.3609595447277139 0.12903569469995657 2.162103151723039
0.23582362701267584 1.2313077256003888 0.08511272271280357 1.3576686745202815
0.23922667913705017 1.2546634110067356 0.1351385925951246 2.532402500079958
0.25467778345760517 1.3633893280545248 0.0880448809580229 1.6240280307556907
0.23489085510565635 1.2249422427188368 0.11670421389471629 2.222507600393667
0.24867252728918818 1.320600430467372 0.1292805430199396 2.0306213787568796
0.2682171263242167 1.4624369775942188 0.10156079568357447 1.976130561152175
0.2377397271857905 1.2444325715273212 0.145922283495412 2.265031063281212
0.2340165755248451 1.2189900022757185 0.09632553170238427 1.6092131095878817
0.23404480669459607 1.2191819924629657 0.0846322084163063 1.5552597128790135
0.2371988248799119 1.2407208354416244 0.10746130374303235 1.9513038934676163
0.254168032921021 1.3597304702916868 0.15830723394477197 2.572297536900175
0.24113237899582804 1.2678340273896922 0.11841735107451187 1.8968119839851376
0.26379795684211144 1.4297078602025692 0.11913346079022283 2.1143419812017736
0.23353079187260867 1.2156885752112827 0.12300680917724427 1.8038956936115034
0.25119559545018094 1.3384942980520884 0.11961298390087648 1.9827666150029606
0.236700314929534 1.2373046590234773 0.11064184054257697 1.8155557952077614
0.24015522463546823 1.261072494491809 0.11274885929412945 2.0595173283757116
0.2469191505899808 1.3082359106938617 0.10886656240476932 2.055013341493089
0.24653501280880627 1.3055347200327532 0.09202577580620135 2.005941832891708
0.25411389588903555 1.3593421824177236 0.07557166049160545 1.5499726930513773
0.23525968483073395 1.2274573784786822 0.08963433562932747 2.03768782767825
0.24978478851900288 1.3284738711487274 0.13437101517824251 1.938269044380576
0.26865522068973924 1.4657031278229844 0.13591959016578073 2.4591186600323227
0.2508474595105108 1.336018112937282 0.14275411012305703 2.2774940206805234
0.234001420813284 1.2188869462869036 0.12969729609761002 2.1748408989624175
0.2422028397762746 1.2752612195353534 0.14179206756803994 2.33308943854615
0.24263930586600976 1.278295583470166 0.11782476660680256 2.0163498458560953
0.24215312391088387 1.2749158106852327 0.11251908887925662 1.9140414807669377
0.2721956715066085 1.4922427454637341 0.13706736175950832 1.983341091186631
0.24755579764565827 1.3127187763764911 0.09423100214976492 2.059011280625068
0.24107311515256855 1.2674234483762128 0.12325654908686937 1.613207260685845
0.25595101229732226 1.372550135737038 0.16066093302457607 2.5375977652795583
0.2393021569277045 1.2551837958225902 0.10631023719207906 1.9279162504310725
0.23921932310507493 1.2546127000555738 0.11266605718720646 2.05781278684718
0.2406827424873154 1.2647205539225426 0.10821683809654482 1.8970866175939354
0.2635748084315194 1.4280656035161825 0.1334936240346532 2.4968279692507447
0.2385098517205577 1.2497263562966003 0.10983516851475786 1.6875048290097012
0.24429227170902632 1.2898189705209837 0.08746189808612284 1.5533443825812006
0.2472896091545704 1.3108435229896453 0.10280830313377164 2.003185555164063
0.2627153820167455 1.4217499574507904 0.13031561561150903 2.42848065252432
0.2678733382617826 1.459876651844545 0.08542651066645394 1.6328725702856628
0.2520510752362004 1.3445888574678173 0.14013400203398318 2.5477941566632953
0.2376035767244631 1.2434977948315717 0.09150742741506844 1.6324309681593734
0.2428229486540756 1.2795733354669858 0.11171341285835007 2.198520146972479
0.254721094795925 1.3637004363587126 0.12803640080372491 2.142900490286135
0.23349171071847166 1.215423158228268 0.10959409521155143 1.6833451033336932
0.2578379050565114 1.3861840266226688 0.08523713731273447 2.0203007674844766
0.23716613076146428 1.240496653200305 0.0943243123939972 1.820661350342521
0.2434404657332452 1.2838744530753197 0.12140770856138089 2.0861379952539085
0.24154433638476785 1.2706898351597573 0.12525114953937885 2.3205888438725366
0.24204217895193178 1.2741451663930543 0.09398007424464745 1.8870605148988884
0.2404155311963698 1.2628720160436897 0.08955305966388248 1.7195072933588105
0.23774538120719418 1.2444713979155986 0.12147434815230976 2.515462939143019
0.23551719951602423 1.2292148698100551 0.06585702012079969 1.395311229614315
0.23722533678867294 1.2409026406328978 0.07901917739457122 1.499892562797598
0.23633949940264312 1.2348348538112275 0.07907094599612816 1.7769281882068308
0.263396796218368 1.4267562393373 0.10759040841096867 1.88478108484151
0.2462500094347373 1.303532404567944 0.12026845267761395 1.9305165728337546
0.2643013519864085 1.4334162462757272 0.12658773948922253 2.04665357024719
0.24248776362961208 1.2772416476307287 0.11522180472889966 2.1906002752750977
0.25404609031819547 1.3588559389707893 0.10136345723679825 1.6461304249890996
0.25250114817092556 1.3478008410805784 0.11855356756846214 2.262463486566791
0.24219858020295834 1.2752316236998111 0.13175939882773466 2.075465648989555
0.2393236513912537 1.2553320092015317 0.12345234754947253 2.0553733639162295
0.24095400564219857 1.2665984533990986 0.1291559068547289 2.4036637991980125
0.24538721137963593 1.2974799634588718 0.12605338468132155 2.254868370649179
0.24467073724958333 1.2924644784329178 0.1420787751422269 2.1299052415187436
0.25697955460792327 1.3799733631078728 0.10613634102988845 1.4404897072026104
0.26831774449519774 1.4631867760647264 0.09750830025519185 1.965559352288746
0.24116177252139293 1.2680376890837182 0.07643785920085713 1.5056713484596056
0.2648098888744826 1.4371676667299402 0.11793367508943096 2.6461774134520306
0.25719158164644457 1.381506166884709 0.12592434205898045 1.85284527729451
0.24666569333395394 1.3064533337903212 0.10892407240015943 2.056231626101358
0.24548481543151318 1.298163951639903 0.06506449319481515 1.3194736770551903
0.23447996909195953 1.2221431692220555 0.11278027341117328 2.2221848793805585
0.23973846532360105 1.2581939674855718 0.10544732285322495 1.6645682827463169
0.2334418006520771 1.2150842367795638 0.12910390951715706 2.3175261367854127
0.23673969376735707 1.237574351002398 0.12078131393045842 2.14760510784172
0.24291388842975298 1.2802063068155805 0.11041454946305074 1.8737980931679152
0.24040698413527017 1.2628129098945649 0.15831708806231176 2.4191220131456035
0.23488962691058318 1.2249338714215776 0.12077916570598962 2.604548132238412
0.2400927517587389 1.2606407975901088 0.10407908041365863 2.030822673167474
0.23641545431456554 1.2353545760520361 0.15471634923367117 3.3298259439156754
0.23522526431167556 1.2272225543105295 0.051655727659961286 1.5443672203099703
0.23820115175495535 1.247603087995945 0.15249132686655092 2.1828219926419914
0.23851342961973365 1.2497509755260674 0.11666780386797763 2.3089003907408103
0.2618744741484508 1.4155846333140676 0.08579850172879297 1.7794103333391458
0.2366778337870916 1.2371507059669162 0.13623357619262175 2.3017319240049985
0.2417165319237114 1.2718844640281386 0.144532024289403 2.1096022520949314
0.24266050126016714 1.2784430254055397 0.12765977233322853 1.5923373239777887
0.23430306905458256 1.2209390004652199 0.12557031935889518 2.3273514393112786
0.2634573047552261 1.4272012372942082 0.15813362125366295 2.652485555419988
0.24842978148659836 1.3188851869252882 0.09973466775352338 1.7954589441631326
0.24009699871625084 1.2606701424516769 0.08206785593115995 1.9384660863751326
0.2685186908802602 1.464684829611767 0.1328261818471258 2.0948434227975747
0.25202589062978786 1.344409239591924 0.09059132071904458 1.9715593917380059
0.24116850455601407 1.268084336187818 0.14167990444477352 2.2575272979359675
0.2754222730826558 1.5166556033610417 0.1026552714530792 1.924353329656062
0.24029008574601687 1.2620046469553898 0.09499174422180585 1.9095063808297716
0.24865558530904036 1.320480682339474 0.10112180867437703 2.132958070368456
0.24655334050100033 1.305663534633134 0.16741036558699268 2.5106813503311245
0.25575826466615537 1.3711613143546768 0.09719179692788647 2.0411383763263546
0.23830659786545227 1.24832816303586 0.13466725167206503 2.1283982494020917
0.25137017900341346 1.3397369248375064 0.10843114989541958 2.305884286755874
0.23503234146588112 1.2259067844069373 0.06424955062960566 0.9390399866592223
0.24428807595806504 1.2897896566980624 0.08702715905158698 1.6663843666651033
0.23597236547377867 1.2323241931219224 0.12027842526474966 2.390125608230377
0.2524418477254487 1.3473774172080943 0.11043685967882841 1.7531103199287514
0.2376541866450546 1.243845231523913 0.09876370376298521 1.5992840144245715
0.24930745586022382 1.325092085498423 0.09052577607284104 1.6743441826278678
0.25821043571119184 1.3888839747636763 0.12371188288325308 1.712702072080966
0.23418077251821037 1.220106846128877 0.13799160432561525 2.33618951478014
0.23766029629792224 1.2438871773616702 0.09861723584631443 1.9125896908189608
0.252041971721095 1.3445239293456377 0.11158263411349544 1.8961108774048545
0.260055996726912 1.4022999339822038 0.08039321357744376 1.3197795079283983
0.23883647303507147 1.2519747644895285 0.09786889534751109 1.824895100016474
0.2609980969152594 1.4091741879756305 0.1552940898609069 2.43724580288188
0.23857817937652742 1.2501965532493948 0.10822640755027743 2.1215675765865534
0.23727365610039985 1.241234022415273 0.1253729680822879 2.5058740924155294
0.23527960153099742 1.2275932641369602 0.09170280145309238 2.0894584782192256
0.2335595184807759 1.2158836872643994 0.10992602037862124 1.6372852024013662
0.24011325073405484 1.2607824407444428 0.11942931380838907 2.12030482256088
0.26342914204703416 1.4269941111826934 0.1283587682079093 1.8939402127790186
0.2419594972738269 1.2735709907987693 0.11116179081951942 1.475115558334822
0.23642555849760258 1.2354237218172688 0.1430837929163923 3.1658506295821622
0.23338594467654677 1.214704991113842 0.12492247070066559 1.9523967181688637
0.24143165573753728 1.2699083921428052 0.09105168882409465 1.7511649369553486
0.2542458191399426 1.3602884762891236 0.08182610815244001 1.4990973341602936
0.23879351351058198 1.2516789278837384 0.11300521766421016 2.06479666956551
0.2620376192387705 1.4167796733543516 0.12293311706668462 2.1912290091054447
0.25178761494505036 1.342710443849402 0.09943063097138194 1.857230896606283
0.23367109789577414 1.2166416770189012 0.1522611069651713 2.3810954802342126
0.25075094524459196 1.335332043698785 0.14367997642545155 1.925363980862843
0.2517432880470545 1.3423945328684377 0.13289315199451915 2.0317951643212067
0.26999864947059515 1.4757433128122421 0.12461036492914569 2.225380897465123
0.2519983318961064 1.3442127031805085 0.12388794492177314 2.2106550500218694
0.25352893889331957 1.3551502782768654 0.1084954049637015 1.7760478465335905
0.23459662308042942 1.222937544198049 0.0873378685082741 1.8939779807316306
0.23412561128221213 1.2197315940803048 0.12421154271863616 1.9397098655354794
0.23848096340401315 1.2495275866450046 0.0875788890015375 1.7461916179503185
0.24276460340732278 1.2791673130360173 0.11702400822204387 2.512837513760976
0.2758829692754854 1.5201590360439519 0.12368045431822257 1.9930149216479178
0.25223908570376535 1.345930139856591 0.08472296246272455 2.0069856367034546
0.2653594425289831 1.4412275022433865 0.13244336789833816 2.4741854111476353
0.23768610083523764 1.2440643458969955 0.08497493982826013 1.9219274692376078
0.24048388724054937 1.263344771717422 0.11273631432610798 1.9863817364427367
0.2539838502258775 1.358409684171161 0.09393771500467456 1.4640432801701087
0.2426177207600231 1.278145439056103 0.12428225788460227 2.1425410189998693
0.23359892044413427 1.2161513304655445 0.10064891385762416 1.9564018444458044
0.2381708348708282 1.247394658320119 0.1224841085470066 2.1821085129078943
0.25678260363560373 1.3785503319996568 0.11176927575109041 2.03937224901875
0.2411740781731618 1.268122957099647 0.11625740512034399 2.2128792336843373
0.2355364686532622 1.2293464258143338 0.13864769552566253 1.952761321242146
0.2517110467084803 1.3421647773217482 0.09376570402911483 1.5620239347817784
0.24590257918867425 1.3010935508931982 0.089130262465827 1.3817863200796419
0.24444046549463955 1.2908545426034752 0.1448808404711137 2.47258495154077
0.25469258961175123 1.3634956776043752 0.1346406105764366 2.4323784673406856
0.24898165176832196 1.3227863112728426 0.15305673894544083 2.324216764450806
0.2495462339626867 1.32678323245514 0.12973852833873392 2.0388874203502207
0.24324352606118557 1.2825019704589948 0.11233680683602322 1.677736677390106
0.27907210725237774 1.5445340916040728 0.11972042466522687 1.8600373252126448
0.23929321256270977 1.2551221231267382 0.11611827667521073 2.053799368684018
0.24440047185020922 1.2905750286400635 0.1396916147717639 2.451321876145596
0.2337442704477998 1.2171388782068302 0.11097608635936321 1.8217251926044564
0.268882043180005 1.4673957085591849 0.08784381765777853 1.5055444553259352
0.26572589363866694 1.443938042255488 0.1268468321690814 2.53961232604471
0.23780958446385578 1.2449123246234106 0.10118759692439226 1.9680515041141193
0.23583970815262326 1.2314176038303095 0.11908591724170838 2.040849655394773
0.23381661945285606 1.2176305768348517 0.10440486062912616 1.822470797443031
0.26469305520573816 1.4363053385364095 0.12460240719688387 2.4882804018062252
0.25053826092683773 1.3338208062953527 0.06560922083631684 1.1379841054137179
0.26122953011158523 1.4108655768315388 0.15774841966540895 2.4088051602266454
0.23607201258713134 1.2330053954595916 0.08943468541743872 1.8622295494442425
0.2708483132575445 1.4821124185087602 0.12094084542411684 2.3142899793262433
0.2695426553997249 1.4723312771034285 0.14760533421265956 2.2956795492450235
0.2510071902284149 1.3371539431957984 0.13745322629674744 2.2503198950566357
0.23689252043052944 1.2386212713457814 0.1087373947271895 1.907325548622179
0.24185946121301097 1.2728764666560726 0.10205272515683544 1.5543463777430548
0.24497652818561752 1.2946039215333363 0.11084384966653892 2.1792738030941075
0.23978272939411813 1.2584995464783761 0.13974086785035975 1.7675066406481734
0.24047455776393892 1.2632802433231787 0.10635441562885081 1.8605519459570885
0.2573624376295023 1.3827419702067418 0.11408014373013325 1.8792412042455537
0.23584270858518852 1.231438105514441 0.1230000576036935 1.8037827952322922
0.24261155117124153 1.2781025254216916 0.10026464733256163 1.874545218595588
0.24384240975121008 1.2866778399820276 0.10350520903506918 2.3894258237377186
0.23708792405767654 1.239960470964738 0.10447660128117577 1.7612712971071407
0.24240537926287015 1.2766688632474463 0.10000180349958214 1.800802368944325
0.2954000106740963 1.6727874828911993 0.1214902661402765 2.241273032600562
0.23847649801456952 1.2494968633237755 0.12158141667291027 1.9545089407521585
0.24000284894813093 1.2600196803075732 0.11727614766760354 1.817016476941816
0.2568062848541636 1.378721396166604 0.1447991181217906 3.0802471866739336
0.24281763482940127 1.2795363541661775 0.11207746956126798 2.045705444664147
0.23763998439030826 1.2437477285046585 0.08264917460484067 1.953434092009
0.2744766020373886 1.5094780474407494 0.10198167634172023 1.910292294692173
0.24019152122399373 1.26132334193952 0.10406174738972593 1.6950399444875737
0.23661305923470932 1.2367071742150184 0.0886684888540016 1.5768587047400908
0.24770171245420913 1.313747284892147 0.1147497169666755 2.18046150850416
0.23778728586628192 1.2447591768195276 0.09561748699698469 2.0045805037108066
0.2383585921421166 1.2486857631885797 0.11185108233884006 1.9012470766953915
0.2514630344604315 1.3403980747615918 0.11590147136184926 1.9131771436068856
0.23572191274382828 1.230612845678286 0.1109902355427742 1.9517753554087711
0.2726294560436892 1.4955122099083211 0.10263071943649067 1.6150209180385728
0.2855231620792058 1.5945057365489088 0.10639850727036741 2.1661046876187404
0.28350838834003633 1.5788021116618391 0.16790586726476342 2.8494785322518896
0.24433368576779232 1.2901083293676079 0.1083046357325638 2.0431178258133333
0.23439768693714452 1.2215830006281907 0.1516279585929687 2.369424509640928
0.24152330289963753 1.2705439498058024 0.1132026160927911 1.7458466585489476
0.2366985562644496 1.2372926151864525 0.1316755233894729 2.141386137371763
0.23719296070879745 1.2406806236443402 0.13978898378136673 1.9714477735600522
0.2385669346510531 1.250119166839014 0.128239526318498 1.6880193687726146
0.2430117522540252 1.2808876417576012 0.13531477642540873 2.5362207236297243
0.24941981739384017 1.325887752519587 0.10039851233015203 1.5263395178930905
0.2465912356889167 1.3059298975615907 0.11212330238138474 2.394316484319099
0.2334650850172068 1.2152423471011309 0.14505594445193268 2.3204481568958197
0.2366395576178913 1.2368886078888017 0.10992839677747698 1.8645288509372449
0.23793688050105044 1.2457867713417141 0.07649286044580453 1.6393172629439874
0.26094381392509686 1.4087776236482437 0.13333770652920293 1.9210706214624234
0.2375074681462174 1.2428381371807744 0.08985949350777869 2.140677385797223
0.28274446302703093 1.5728709634490694 0.15453903741900704 2.423229677943714
0.2568829531274832 1.379275293565554 0.10892750193900629 2.136991223625929
0.26098869769605426 1.4091055178192187 0.11310551518124856 2.320062159699596
0.2476864988851642 1.3136400305023268 0.11151357534263424 1.8316557180760038
0.23711348898420131 1.2401357310502645 0.12095654010027339 2.008102656596437
0.233992509893136 1.2188263516109534 0.07378232441130017 1.7271695251345218
0.2440915462147102 1.2884169564709351 0.11937652672317459 2.119240618802246
0.24269311937508303 1.2786699435604212 0.07203631536925852 1.412239332123375
0.277618075629344 1.5333940183042578 0.12593927962745002 2.731856821936466
0.2519780258261019 1.3440678987492094 0.13978348080784872 2.2223993858953768
0.2854747591030444 1.5941274340305815 0.14506784529906028 2.47631798113118
0.29583754584240696 1.676306086673331 0.16485098491425776 2.538668902747493
0.2518447538267259 1.3431177190942383 0.12444033991528038 2.0070002268142204
0.2640025095255701 1.4312141367873603 0.11850343904149796 2.6606803341498155
0.23574942312468344 1.23080076970743 0.09804643737056966 1.6410877308918745
0.2490917139140884 1.3235650171045032 0.12186886506042939 2.169626510937711
0.2528499258912713 1.3502925841366604 0.14021234891115453 2.850842970192978
0.252943876348189 1.3509641841844602 0.08947725107210171 2.1306765717149925
0.2421422452769907 1.2748402356960928 0.10948215124934121 1.8560294080057238
0.23591571938801467 1.2319370313498024 0.1271838613406971 2.7627880652203323
0.24016390096650664 1.2611324548481633 0.1188174385315072 1.9678010770883634
0.23813913752508323 1.2471767556590627 0.09691506509300134 2.220965492889603
0.2430320889379701 1.2810292493138966 0.0937531082462559 1.676636842096388
0.24254270424394467 1.2776236962209004 0.10899950763157745 1.7275020401860048
0.2358049964753442 1.231180433786057 0.13533377276742037 2.012964810963389
0.2568425783177791 1.3789835875798477 0.14658793885034982 2.209113105998763
0.2592845304034553 1.3966837723441714 0.10235097009436706 1.7825305650288328
0.24206222897493665 1.2742844208750477 0.11312875029095787 2.1457310663962152
0.2349273943139557 1.2251913038660531 0.11124373716406802 1.8266687472421395
0.24291949534925225 1.2802453378331873 0.06998928815218096 2.011019106932355
0.23871540545435097 1.2511411298573796 0.1190825323982786 2.273922798120887
0.23946868194714768 1.2563322749356118 0.08282157762185018 1.642772645863478
0.24565312883637666 1.2993438715337893 0.11610547314750345 1.9169869223877891
0.23829853544296772 1.2482727166218406 0.1304112343155249 2.3445131502604895
0.2411773053265876 1.2681453190685672 0.10270897863476239 2.001028724497428
0.24417950565660226 1.289031238053718 0.0717521523432238 1.0571704568363562
0.24539946094344184 1.2975657960548381 0.16100342815830382 2.396156548725421
0.250961059146316 1.3368258596176243 0.11147385394514155 2.0333056344290976
0.23696449190196656 1.239114448350642 0.10114147325665007 1.892782921201097
0.24458118532509224 1.2918382630793812 0.13820766150132432 2.1933277115047667
0.234724799704805 1.2238106637467268 0.08713352420410285 1.8097407043778473
0.265938414417063 1.4455112409695698 0.11835438821112558 2.54523945957132
0.2363715820888606 1.2350543672987055 0.08962864441569458 1.7910843385534811
0.2619711414801191 1.4162926590729215 0.11204313363827827 2.4973289100669587
0.2409982516834395 1.266904887043648 0.04447870493590488 0.9633650356665778
0.2445438533460024 1.2915772532557581 0.06713107884173992 1.9229835683658316
0.23698570178158676 1.2392598045886953 0.10412636382892601 2.031852515260061
0.25583836949938044 1.371738413354917 0.10878449483565512 1.9782634435965223
0.24313309501569097 1.2817326834137617 0.1570457477291736 2.8125893963253588
0.25216075103047975 1.3453712117918282 0.1256572682824218 2.0294478076147584
0.23765579286650915 1.243856258976371 0.10940362507797041 2.147479486400248
0.2460068612118306 1.3018253426188944 0.1385777154614776 2.1326875374178305
0.23602254536998302 1.2326672080687224 0.09677420704752118 1.7364534701422405
0.2527184511882396 1.3493530274425092 0.10497718839337629 2.0504022367682175
0.2555456364500705 1.3696300799066998 0.09857208078551662 1.989347772902125
0.2386570071895095 1.2507391119092757 0.12055305949236042 2.1429901868887824
0.2335679591939671 1.2159410196419247 0.13002947792705466 1.8662831415395065
0.2742501892308956 1.5077623704395418 0.10744113021795938 2.0248673323209463
0.23627344907394443 1.234382987814069 0.09811266295730164 1.979067317746815
0.2530043726540181 1.351396728353235 0.11458361033717569 3.458179376621368
0.2659188128138353 1.4453661007091394 0.10846424345778727 1.8366736045530005
0.2451963833964651 1.296143193052255 0.1168345737763463 2.068144633461907
0.23401077180888996 1.2189505350126375 0.12540582855527507 2.3238655787303606
0.23486879493106336 1.2247918861060043 0.08778805629491933 1.0750317738598247
0.25055127096795793 1.333913225062539 0.12105896940031462 1.8836979692663263
0.24934763771743196 1.3253765983860908 0.10861117719262951 1.567060728205751
0.23519629370143044 1.227024926971726 0.12500908070439626 2.0849945197127817
0.2476586723767621 1.3134438671673458 0.11278977785997184 1.7386703185573018
0.267111633059971 1.4542124885391923 0.061648451240002296 1.424466675355047
0.2546720830328355 1.3633483842062768 0.1189525117531589 2.038254729340679
0.2470897054287978 1.309436106491792 0.08855012647391089 1.7674380059695487
0.23807180915516005 1.2467139685116713 0.08007703149943664 2.1990957501686133
0.2386071426520569 1.2503958895777247 0.14082350691974277 2.1080031683105576
0.2639451564807355 1.4307917183491388 0.1797995441711299 2.8193375154554956
0.2573466956907505 1.3826280847981223 0.1000633739237769 1.4740531771210041
0.25909765193210993 1.3953250842098694 0.09216365017993847 1.6453259936018334
0.2410596792108602 1.267330373291053 0.1433543466452707 2.152227322050167
0.24707057452080444 1.3093014550608089 0.09003165793534139 1.8758896936798932
0.2585091464083829 1.3910508662019574 0.06589938793358298 1.102908064420683
0.24783995175478585 1.314722059232807 0.11304653587436309 2.22809989854595
0.23850956633246667 1.24972439257462 0.0908026936273621 1.3240077514461301
0.2727590026544186 1.4964893681234137 0.10582156309784081 1.9907322649539867
0.2417375624684262 1.2720304033375749 0.14004580630629204 2.0944658317369464
0.24307406311986718 1.28132154626095 0.1252122691917606 2.088868521085624
0.24517924114811873 1.2960231428570965 0.10757820454858887 1.8198612701921972
0.24824989955522786 1.317614854509924 0.08907719241290352 1.9353847385912006
0.24080115084683287 1.2655401057977949 0.11354469294084728 1.869290926919699
0.24102709791328294 1.267104685858889 0.10696826609363888 1.8725768597444943
0.24776291270575834 1.314178785377129 0.08171183383415599 1.391097460115369
0.2391378295580997 1.2540509661331332 0.12777515243444837 2.2115772432223895
0.23708229464064545 1.239921880133328 0.07277156832511096 1.22694920253998
0.2528872792522407 1.3505595825038919 0.06443103084242296 1.4252740818478973
0.23550367211862727 1.229122518295641 0.09655818206411496 1.559752871211659
0.2454077976194695 1.2976242126709623 0.1356613101649627 2.4537123088292554
0.24296154724333932 1.2805380888789926 0.0903787438651289 1.5533069610699806
0.24468093250948778 1.2925357808806004 0.09256222689889143 1.5946615735873373
0.25152365600632626 1.3408298011269204 0.1639959153920473 2.8628034650991507
0.30563541111499953 1.7562607740511047 0.1580700536283647 2.7399368024387747
0.24737564170676865 1.311449462848037 0.08057528091555488 1.8136971445625225
0.23518527347234336 1.2269497547661523 0.09391283641637238 2.1450335853471705
0.24404280548483423 1.2880766278161984 0.1313514806077882 2.206773657383495
0.23577176109714884 1.230953370851832 0.12325723480758927 2.6654992373264945
0.2629945796678311 1.423800075176793 0.1110240882438787 1.7080526675391003
0.23401218319997089 1.2189601329020099 0.1063382233335627 2.0801490345862454
0.23341560587092364 1.2149063750287743 0.09554428373098475 1.8466969655458871
0.2673829472194288 1.4562286741161339 0.13085579820899676 2.4400627426338906
0.25775816540242796 1.385606458726884 0.13387264728953724 1.9878727835361292
0.2354291459750985 1.2286137870618448 0.10232287985721235 1.663487343510178
0.23598309771039938 1.2323975517332082 0.10408941789835414 1.9543610078936318
0.23474766779697936 1.2239664684373117 0.1271539452994047 2.0571414901311718
0.24173762435447776 1.2720308328014323 0.1418585237497213 2.2608439068008646
0.25075489676237783 1.3353601294936677 0.10646702674318693 1.6825830870856928
0.23948729627538748 1.256460684297536 0.09341899536221915 2.0394400578497063
0.2560164348548549 1.3730216941977527 0.12366104351181227 2.1303205073955374
0.24364936027666195 1.2853310309349157 0.10784632701206798 1.8249452933954253
0.25203213223353266 1.3444537538954402 0.15851237137553756 2.2852449424840104
0.2456134824443531 1.2990658928109486 0.12605582897514103 1.9121817938774006
0.2390181603025359 1.2532263056188884 0.10179093290048337 2.1486713488935822
0.2424929295891422 1.2772775685590605 0.09889493501729629 1.7157349838372153
0.23386832514249822 1.2179820361716909 0.10071399954783336 1.7508284633284577
0.23399914407378877 1.2188714642172098 0.07988522234123985 1.357300566833429
0.25453104807111526 1.3623355864465738 0.12772177561080827 2.2890828135107464
0.26942401441130803 1.471444228535505 0.1330182642733655 2.2390728826743276
0.24355231387963078 1.2846542466984212 0.12948485062505907 1.8573035043622685
0.23607029736756777 1.2329936684629792 0.1376737701469738 2.1165549363272405
0.25616375460921814 1.374083862172935 0.11337603429057853 1.9304828820810602
0.25459079650665356 1.3627646040603456 0.12203964135403514 2.252816796517733
0.2436015814809531 1.2849978084460096 0.11612418513008436 2.053917602064382
0.2652835086512476 1.4406661780183756 0.11577708334497214 1.7358443267835464
0.2439568356710353 1.2874764567065071 0.12102250617889643 2.0093486033076235
0.26719946175720877 1.4548649963709968 0.11931671939111906 1.6436104021795468
0.26681452875486195 1.4520063633066145 0.13429960802740556 2.2639875444482827
0.24679548255890532 1.3073659976913816 0.14318479420421978 2.359835397192772
0.24003432835504815 1.2602371473748446 0.07535548338990276 1.855020286603333
0.2359773651362584 1.2323583673166834 0.10906771259557657 1.786563303625304
0.23658296873733364 1.2365011607098584 0.09325280222729497 1.8709555159983242
0.24074288746968212 1.2651368095885638 0.0730407090983268 2.105604937510912
0.23943939499231534 1.2561302540902513 0.09520414469163627 1.7699790623913862
0.23699018328375826 1.2392905183995218 0.09084489811721709 2.0679578317439753
0.23753919096918102 1.2430558538107401 0.1168921230404674 1.9316942642331245
0.25948915532244865 1.3981722714505402 0.1278584001922499 1.9435342577490202
0.26076853426259733 1.4074975159098115 0.18051648349958813 2.9202940164592173
0.25498271771342984 1.3655804608372164 0.14016824712645437 2.461049349365887
0.23643369897651434 1.2354794307341703 0.13328806813005267 2.9157805250164754
0.2583717383141156 1.39005387082991 0.1660537633865106 2.415616560860806
0.23678579616719472 1.2378901256849195 0.07915257400542458 1.3437824102963036
0.2451867547060363 1.2960757609600313 0.11253759532502615 1.9143962109911297
0.26171742051518676 1.4144347122267102 0.12139829958606185 1.7770475733665296
0.23692519742774015 1.2388451755320076 0.10084434416162552 2.126449133572606
0.25134473169363697 1.339555763397395 0.08225557542626012 1.77388702858918
0.26888218449702683 1.467396763413672 0.11876209185241748 1.903078244253201
0.25708119005442415 1.3807080054848742 0.1180862281715149 2.340730213021103
0.23446391441255052 1.2220338611316977 0.08746326065287316 1.4983969951553369
0.2358372958102719 1.231401120630134 0.06122750926400367 1.4141059060507186
0.24383990168123823 1.2866603380306938 0.12978338137616596 2.331542306545831
0.25607582920734695 1.3734498738609948 0.11805957767846784 2.0927317586620005
0.24918575988892203 1.3242305870619955 0.13235426936386632 2.226191002072665
0.24309483053650557 1.2814661769692643 0.09891212094196304 2.0812329814269215
0.24639685986212725 1.3045639256094712 0.10995941234066275 2.002269160983025
0.23663487449567522 1.2368565417682225 0.12407718199840076 2.295757128082783
0.2561587157014294 1.3740475249535262 0.0905693664355978 1.8882090884585643
0.23958886097848453 1.257161430504906 0.08580580559238898 1.6408030270187197
0.2424135815975965 1.2767258850998184 0.12233075641631166 1.6439855891594815
0.25593429934557166 1.372429683952202 0.08527908870204287 2.0213878059540193
0.23534653105316028 1.2280499560087563 0.1274657091724132 1.9979513021219883
0.2457064598348267 1.299717845291741 0.14579486232894817 2.0706055307588973
0.23621335328638143 1.2339719261497495 0.1180590544979695 1.8307701833678274
0.24735745252357727 1.3113213422205456 0.08781983845159357 1.8253676271755384
0.24093884739815807 1.266493480562712 0.12546211908923913 2.165799015774817
0.2386604962170137 1.2507631288988224 0.07862396861383278 1.8501790085134342
0.2592789897314823 1.3966434793763858 0.14675097980264054 2.147560773946721
0.250823390632316 1.3358470033756369 0.09583176468063316 1.9281820369979108
0.23382105017764276 1.217660691963807 0.09639320815264603 1.6677023321602786
0.24100122975920601 1.2669255135079651 0.10454933181367909 1.892254107854004
0.24196818478150306 1.2736313145377844 0.15859641201734706 2.1629261556424195
0.24827745830850984 1.3178094359414747 0.1195460968536032 1.4773918118192408
0.2765807858578777 1.5254741842620292 0.10279407372887532 2.3711283364723394
0.23358143390835617 1.216032547393821 0.10698488029411467 1.8729025504243508
0.23853406078903974 1.2498929414157167 0.11930177148288919 1.7958485397681772
0.23571881507332348 1.2305916862689639 0.11637905813041242 2.1345616276544264
0.23420789599907735 1.220291382157151 0.11281950328128783 1.988033898198594
0.2353384143606883 1.2279945677068045 0.1204866713492663 2.3044084380394017
0.23367158965977589 1.2166450181960156 0.13016414460052295 1.9838279247001596
0.25576470856152556 1.3712077334951958 0.1443858404261792 2.382970240900563
0.24653557240001725 1.305538652978461 0.11512975334203181 1.8372995075221195
0.23975576447869987 1.2583133887415188 0.116654008093334 2.140270583479836
0.24178821447144364 1.2723819309515672 0.10370426471106033 2.1049078092734033
0.23738874768834908 1.2420235085771263 0.10661097263317701 2.0861211484796707
0.23731955330404644 1.241548831866977 0.09661183134747521 1.8695373696470425
0.2408650340858619 1.2659823735629228 0.11808281576033906 1.83118799087083
0.24275710901989575 1.2791151644034822 0.12190542420383516 2.026042904161724
0.23626207079854222 1.2343051542193646 0.09891725886908131 1.3707165388595728
0.23894239792949348 1.252704348718082 0.12563525835029002 2.029041255392346
0.24552848828703883 1.2984700589172096 0.0859995983565223 1.6448574676565821
0.2516380497871062 1.3416446658798273 0.12409666949522528 2.2961687835615017
0.25264497173480144 1.3488280657745844 0.0946347936153957 1.5780152583616873
0.2402489726105494 1.261720440194567 0.12468898430692706 1.7787132683682638
0.23371726528744388 1.2169553694129718 0.1237978878274986 2.13301101675732
0.23807481772920422 1.2467346464497278 0.08259326968058722 1.5144174775445682
0.2656452688629751 1.4433414504215907 0.11348681907638672 1.8682161771926609
0.23638157246316724 1.2351227263731064 0.07016581747887597 1.5617057109084023
0.24600939330702612 1.3018431139351503 0.11501072110352865 1.8351530664209168
0.2739653519530041 1.5056054931165335 0.12637094088594844 1.9783092586079667
0.23639565812466132 1.2352191104636001 0.11396758266881242 1.6542845556185322
0.23568103799756207 1.2303336543510655 0.12265946067232408 1.912083656295404
0.24148605407070256 1.2702856169132526 0.09079634676844651 1.7457636130004976
0.24736465384418138 1.3113720660070456 0.16991589079243652 2.2866174738173157
0.27447458059387575 1.5094627249118266 0.11325291263997486 1.7467214167727327
0.24970357746605495 1.327898206851018 0.0789456555361757 2.290422235557408
0.25418755803403287 1.3598705243939486 0.1399782255327465 1.9197481659753717
0.2384810813499929 1.249528398156314 0.11375467239045213 1.7016303449693484
0.27502159742440235 1.5136122259986082 0.14353747329354136 2.3666220581949857
0.24246166415528989 1.2770601753122646 0.0905004193684874 1.6126790664095743
0.24632480039188387 1.3040577082470748 0.1290102527833261 1.904976724262323
0.24467554163245323 1.2924980785388984 0.11992290929619674 1.98860415300867
0.2602873129355195 1.4039861648637546 0.09119441824613381 1.6262867793543538
0.23831546027497655 1.2483891124276123 0.125435194337584 1.9615593206819906
0.23977607784641605 1.2584536249490998 0.09773484488151775 1.893622812761019
0.2356071246579161 1.2298288716576284 0.12549441402667094 2.325742703731025
0.23985295376009252 1.2589844165502806 0.13817591853195202 2.1255125387940734
0.2608400607261555 1.4080198168204325 0.12661155642688707 2.1155963479956506
0.24999892924193587 1.3299924047669753 0.12528170926401347 2.605597055974997
0.24851004195145923 1.3194521853108714 0.0938034065172192 1.8095659658444814
0.23446033261600757 1.222009475138834 0.10988952736767596 1.8637881835043073
0.2411546637128844 1.2679884321649826 0.08241852768291767 1.947493041159242
0.25014401928400304 1.3310217729945482 0.11458854011028384 1.6644645039967478
0.24603418799288423 1.3020171398465785 0.15280154613099478 2.3196426454340004
0.24716526137673295 1.3099679681315457 0.1417838741836798 2.3329323494248886
0.236572394339205 1.2364287673307306 0.1340278952487315 2.258698156158257
0.2368411866662524 1.2382695689122278 0.12354394920392064 1.8128832088886733
0.2617833035497355 1.4149170374850986 0.11249728344522968 1.7335899480597292
0.2579277172300873 1.3868347001273749 0.1496853097611039 2.333723688298407
0.23750780768540283 1.2428404673732885 0.11651964162391111 2.8595516135117167
0.2362506133820667 1.2342267816000265 0.09823248748011514 1.8324132867938852
0.2370504297414667 1.2397034503184106 0.13749436628098555 2.1802033319849077
0.23497362314496525 1.2255064461993934 0.10979227989394913 1.5862036230039345
0.23875421496212265 1.2514083314779463 0.08433861205826684 1.7463443426605352
0.2515494725003231 1.3410136787921796 0.11317829196594277 1.5935550521527089
0.24529339219927884 1.2968226656014012 0.11282925565713989 2.0611726503648184
0.2679324596774233 1.4603167812109998 0.08326115370813277 3.3953903234802856
0.23940085034791125 1.2558643975937855 0.1408365994473942 2.7574182004534564
