0.16326244703313023 1.75215845059073 1.0000000000000002 36.07762062663783
0.1444029591129302 1.5155949715413632 1.0000000000000002 37.71245706181159
0.158664925114565 1.693511978830564 0.9999999999999996 38.35174311621374
0.14770322904587935 1.5562360929129877 0.9999999999999994 40.64647235971044
0.14712312375299633 1.5490696114491456 0.9999999999999993 40.61882565664041
0.14298062361582825 1.4981761619991434 1.0000000000000004 33.083197367244786
0.15946888154407132 1.7037210459220444 1.0000000000000002 64.77385934795599
0.14810582840502545 1.5612154460301442 1.0000000000000002 40.66568160455473
0.14216709604291122 1.4882391624012652 0.9999999999999998 27.919190193709383
0.14782414259015306 1.557731058580252 1.0000000000000002 37.86385918598993
0.14793404769584897 1.5590902848733061 0.9999999999999999 23.22785767128257
0.17323347967076974 1.8815912463703 0.9999999999999992 45.21786316374817
0.14739100219100548 1.5523777054622896 0.9999999999999999 31.341707970349916
0.1466637553212964 1.5434015969650172 0.9999999999999998 26.67401613823988
0.1385780412666834 1.4446239708176214 0.9999999999999991 25.169799727070263
0.16128386979862114 1.726840701685168 1.0000000000000004 44.573621560895965
0.15185262446199327 1.6077825705747208 0.9999999999999998 28.23801698945039
0.15909600014378233 1.698983571888645 1.0000000000000004 41.19716061379251
0.1449428686933954 1.5222222155819554 1.0000000000000004 37.736269876330134
0.14513060873572867 1.5245286353268837 1.0000000000000004 40.524151989608185
0.1470275470941077 1.5478898156758591 0.9999999999999998 31.32835313870383
0.15041623065467388 1.5898817750718395 1.0000000000000007 37.97938217620471
0.15768252106871558 1.6810633456088844 1.0000000000000002 44.38304596510124
0.15001237837057974 1.5848597361752208 1.0 37.961337136665236
0.15686686983741407 1.6707497793003794 0.9999999999999998 38.26995466355889
0.1498433188643155 1.58275884111625 0.9999999999999997 40.748791265839806
0.14213080738837083 1.4877963462727897 0.9999999999999996 33.05042472752183
0.14307969651627012 1.4993875970643293 1.0000000000000004 26.562452388359063
0.1472643065622705 1.5508128522190903 1.0 37.83900089438782
0.15544874774397793 1.6528656502634036 0.9999999999999997 41.01924785537503
0.15791986885539344 1.6840682612874829 1.0 33.67012250714376
0.13627789079880923 1.4168624912300898 0.9999999999999996 25.102770845903777
0.14039823977333016 1.4666980123819762 1.0000000000000002 27.86173913101875
0.1503682303118342 1.5892846246743624 0.9999999999999998 33.37085804462886
0.1487688236129088 1.5694256426487019 0.9999999999999998 22.273620287819526
0.14907826339831667 1.5732619672677841 0.9999999999999998 47.693379529133345
0.15474037293307652 1.6439547145542395 1.0000000000000007 31.614218124849003
0.15416848104194886 1.636771542235897 0.9999999999999998 38.14786508123365
0.14484237833995522 1.5209880898539963 1.0 33.15522245060675
0.1434926578780295 1.5044401890967183 0.9999999999999998 37.67237603209214
0.14824995188880036 1.5629991109640913 0.9999999999999996 40.672562590022125
0.13450932002118124 1.3956172166056928 1.0 21.019645980188848
0.15399163553217166 1.63455226349773 0.9999999999999994 38.13989083543354
0.14884528273284497 1.570373296211686 1.0 40.70101056842721
0.14943436973652358 1.5776803017755372 1.0000000000000004 40.72919938244622
0.14700458649492149 1.547606430027464 0.9999999999999999 29.616991480560202
0.14136774519476678 1.4784936679754328 1.0 31.121847650929123
0.14329196883414796 1.5019841454965204 1.0000000000000007 33.09522047772388
0.15020469212947782 1.5872506270983373 0.9999999999999998 43.99249447292951
0.14755251142761533 1.5543732257796108 1.0 37.851793921880706
0.1590705688712981 1.6986606195325755 0.9999999999999998 31.777009143746398
0.1431016119920722 1.4996556110651935 0.9999999999999999 31.18482027296682
0.1427509824566594 1.4953692523724487 0.9999999999999999 35.214388564141785
0.16759652776479295 1.808037651845087 1.0 34.06153640894361
0.15176296996869318 1.6066634938922264 1.0 35.58851940109928
0.1499481960210246 1.5840620465315844 1.0 35.51254154005258
0.13968880883399476 1.4580834426077147 1.0 27.83876374726668
0.17614734049762687 1.9200072967223734 0.9999999999999998 24.023308583626232
0.16388972497951626 1.7602100754951258 1.0 38.59140071670112
0.1538601040717445 1.632902243722375 1.0000000000000002 33.508573833841126
0.15266480497125043 1.6179310816840484 1.0000000000000004 40.884478003633205
0.14069732139445684 1.4703340017193243 0.9999999999999999 31.097566535678016
0.1503260196948787 1.5887595573719302 1.0000000000000004 43.998776296751416
0.14902909141165524 1.5726521639813829 1.0 28.144322864961484
0.1630527178539175 1.7494690974725127 0.9999999999999996 33.87661538701525
0.1379924070047621 1.4375416469325804 1.0000000000000004 27.78397800044938
0.15578637153466132 1.6571180199073234 0.9999999999999998 44.28335923997737
0.1420006450394174 1.4862083346351125 0.9999999999999996 35.183592884387224
0.1621228621201905 1.7375617927984917 0.9999999999999997 41.34598687167727
0.15211430173392887 1.6110502068428891 1.0000000000000002 52.32266147944251
0.15183151109212326 1.6075190100057544 1.0000000000000002 38.04275575978312
0.1446027962954277 1.5180469436996356 1.0 29.533832686530452
0.14648399291517392 1.5411852214360744 0.9999999999999988 35.368405219610366
0.1474588509904146 1.5532159162431645 1.0 31.344202274888406
0.15696608102497472 1.6720031968797104 1.0 35.808167762339224
0.1459368073861246 1.534444455235862 0.9999999999999997 37.78018646127806
0.14315523873234196 1.5003114938983217 0.9999999999999996 33.089939342715766
0.14705260736995984 1.5481991334898315 1.0 31.329273590748635
0.1468507100917532 1.545707641350516 0.9999999999999993 43.8195469735853
0.1469965509380544 1.5475072567120034 0.9999999999999998 28.077260445239688
0.16525013797304178 1.7777136678939534 0.9999999999999998 30.26434509781442
0.15641329266092324 1.6650231160298734 1.0000000000000002 44.31626892573685
0.14568133293941463 1.5313002281655272 1.0 37.768888718872425
0.14611982547427 1.5366980893867859 0.9999999999999998 40.57109905625668
0.13889565164631484 1.4484689970135947 1.0000000000000004 25.179083375053082
0.14906320589337765 1.5730752250851738 1.0000000000000004 35.47560783488406
0.14178597415628846 1.4835903511035584 1.0000000000000002 29.43689701400603
0.14825668387985055 1.5630824405004837 1.0 31.3735625704079
0.16137809457731392 1.7280436868315037 0.9999999999999998 33.808968014232825
0.14461511781223177 1.5181981643542444 0.9999999999999996 35.291131078668556
0.1518572548826771 1.607840374390992 0.9999999999999998 29.78644578424379
0.1432837793636526 1.501883946740124 1.0000000000000007 35.23628860158326
0.15347896886346163 1.6281239209656257 1.0000000000000002 40.92379972691958
0.14406777363276743 1.5114848668721406 1.0 27.981187367660112
0.16145471029762754 1.7290220531645941 1.0000000000000002 44.582702739746395
0.14834370402174687 1.5641597066867718 1.0000000000000004 35.44563709861994
0.15363004633991934 1.6300174765969424 0.9999999999999999 31.572744408829056
0.17452396174041995 1.8985713743227273 0.9999999999999998 39.08855638583667
0.14353216261827037 1.5049237858742779 1.0000000000000007 35.24650743720267
0.142245681524107 1.4891982384375264 0.9999999999999998 35.193643855549304
0.15751329092611008 1.6789218598728224 1.0 58.042458680153786
0.15171599018538037 1.6060771818184467 0.9999999999999998 38.03757502598461
0.1411024331757915 1.4752630568086664 0.9999999999999998 29.41347009300292
0.1459276359494804 1.5343315461133693 0.9999999999999999 33.19735232036318
0.16340944612812006 1.7540442208426448 1.0000000000000002 44.68687246299063
0.15839687769081695 1.6901125054773527 1.0 41.16293799838145
0.16139163818508154 1.7282166227933382 1.0 28.559219166581343
0.14709259390472562 1.548692723060826 0.9999999999999994 28.080422128876013
0.16598722174003874 1.7872211194837833 0.9999999999999998 48.66032558638272
0.184527560524666 2.032021455657819 0.9999999999999997 37.01841845129959
0.16177465190151952 1.7331095717532128 0.9999999999999993 23.6113912703358
0.15581368990185984 1.6574622433240331 0.999999999999999 31.654413134365598
0.1400466940584934 1.462427441067147 0.9999999999999992 31.07403859906764
0.1431303602577422 1.5000072070486008 1.0 26.564022934400416
0.1459931025396155 1.5351375553340452 1.0000000000000002 37.782676887763024
0.15505137524653506 1.647865099632704 1.0 29.899046113138542
0.1524805751183851 1.615627352440169 1.0000000000000004 52.34527382051837
0.15007533152346125 1.5856422657979168 1.0 31.44069493843602
0.1569599638098818 1.6719259044713686 1.0000000000000002 33.63178492044544
0.14859309879982163 1.5672483102279542 0.9999999999999998 33.301281838922264
0.16432372905339007 1.7657879470813866 1.0 38.611442957590135
0.15020141044796176 1.5872098193687352 0.9999999999999997 33.364307172381295
0.14962229756636522 1.5800134790702816 1.0 43.96236552020007
0.15954988500731948 1.704750754157737 1.0 52.78556760507163
0.14417653633051059 1.5128181817973472 0.9999999999999997 37.70247958418644
0.1523499893939892 1.6139950305432365 1.0000000000000002 40.86929358744409
0.14174648199307585 1.483108873533976 1.0 31.13558134230291
0.1703321451231721 1.84360844428903 0.9999999999999998 41.755091437163365
0.14471727853949568 1.5194521398322007 1.0000000000000007 31.24372976527649
0.15444078747573706 1.6401905992980037 0.9999999999999997 26.919350442594357
0.14884114936762863 1.5703220618904197 1.0 35.466352699701226
0.13899556273717315 1.4496791182027327 0.9999999999999999 29.341495585144248
0.15215253036389084 1.6115277471479157 0.9999999999999993 44.09356249026798
0.15115443529785666 1.599073948688237 0.9999999999999996 24.380939283313637
0.18506662672797436 2.0393057426824344 1.0 27.931000874971915
0.14618247573303889 1.5374697693277193 1.0000000000000002 35.35591521843882
0.15783799584381908 1.6830315256239439 0.9999999999999992 41.135621141645
0.15437750241542453 1.6393958009044807 1.0000000000000007 40.9672841508008
0.15007032342724025 1.5855800091729721 1.0 47.74904848243539
0.1580528923473545 1.6857531314957583 0.9999999999999999 44.402570000916036
0.15109064935133418 1.5982790508058744 0.9999999999999997 44.038406875892186
0.15027918311604965 1.5881770077505744 0.9999999999999999 43.99635108588983
0.15090877562706168 1.5960132035657446 0.9999999999999998 35.552716991385395
0.14286321297670868 1.4967408609146333 1.0000000000000002 33.07866562924705
0.14383655171881682 1.508651457882336 1.0 31.211589651332613
