0.16326244703313023 1.75215845059073 0.09309528714175011 3.098797415810581
0.1444029591129302 1.5155949715413632 0.05018866915311947 1.704992355232693
0.158664925114565 1.693511978830564 0.07063356988953425 2.452326425037116
0.14770322904587935 1.5562360929129877 0.06516054296973284 2.414689885493754
0.14712312375299633 1.5490696114491456 0.07070820262991694 2.6359149725292372
0.14298062361582825 1.4981761619991434 0.10037972563834 3.163624183940917
0.15946888154407132 1.7037210459220444 0.03469046057410027 1.9565774255189314
0.14810582840502545 1.5612154460301442 0.06576646694795502 2.4387246214823226
0.14216709604291122 1.4882391624012652 0.07822960376800865 2.0326092244909324
0.14782414259015306 1.557731058580252 0.0587660979778802 2.014574794510932
0.14793404769584897 1.5590902848733061 0.08848653702760252 1.921305736535237
0.17323347967076974 1.8815912463703 0.05545686175056771 2.1949589839011336
0.14739100219100548 1.5523777054622896 0.09420801908471997 2.779277885142483
0.1466637553212964 1.5434015969650172 0.10075072699556537 2.5502144081849223
0.1385780412666834 1.4446239708176214 0.08801183604438705 2.092413807966117
0.16128386979862114 1.726840701685168 0.04207054068422115 1.641865136526671
0.15185262446199327 1.6077825705747208 0.07609203416939937 1.972495406205053
0.15909600014378233 1.698983571888645 0.07276006471466566 2.718408075078807
0.1449428686933954 1.5222222155819554 0.04818321572002468 1.6334149452325835
0.14513060873572867 1.5245286353268837 0.062095124720962236 2.2935721859172538
0.1470275470941077 1.5478898156758591 0.07346624131327505 2.118844788761248
0.15041623065467388 1.5898817750718395 0.0698981543745488 2.424874714985792
0.15768252106871558 1.6810633456088844 0.07548066564760399 3.0521975575416618
0.15001237837057974 1.5848597361752208 0.0588734757534477 2.0184861107441456
0.15686686983741407 1.6707497793003794 0.06909082341101175 2.3947884764626526
0.1498433188643155 1.58275884111625 0.06484566744601163 2.4022122503888537
0.14213080738837083 1.4877963462727897 0.05655125915607161 1.699503592397805
0.14307969651627012 1.4993875970643293 0.08048959197381646 1.9924694824992284
0.1472643065622705 1.5508128522190903 0.07805451449721308 2.7317873352745674
0.15544874774397793 1.6528656502634036 0.08445549450614405 3.1956716615622125
0.15791986885539344 1.6840682612874829 0.09222108886698009 2.8803699621222054
0.13627789079880923 1.4168624912300898 0.09111553093810662 2.1735990024991017
0.14039823977333016 1.4666980123819762 0.07426085775483507 1.921218907212724
0.1503682303118342 1.5892846246743624 0.10062688280249049 3.172285266609827
0.1487688236129088 1.5694256426487019 0.10707041676921493 2.273477259650418
0.14907826339831667 1.5732619672677841 0.07891690372735671 3.4771140872765316
0.15474037293307652 1.6439547145542395 0.0924935537921434 2.72354351738744
0.15416848104194886 1.636771542235897 0.07904042998227198 2.7692542544282186
0.14484237833995522 1.5209880898539963 0.06532367447727777 1.9815611557823118
0.1434926578780295 1.5044401890967183 0.09648175848264519 3.4455803959698517
0.14824995188880036 1.5629991109640913 0.046866474945369975 1.7034219798623573
0.13450932002118124 1.3956172166056928 0.09996038146007494 2.020477742426696
0.15399163553217166 1.63455226349773 0.08056320346015655 2.8272808326037766
0.14884528273284497 1.570373296211686 0.05854010490431208 2.154097590234402
0.14943436973652358 1.5776803017755372 0.0829832551853527 3.1349231853083546
0.14700458649492149 1.547606430027464 0.09531082533585596 2.6615245290530893
0.14136774519476678 1.4784936679754328 0.07374086826449808 2.12739588859052
0.14329196883414796 1.5019841454965204 0.05666323033849923 1.7030707254555129
0.15020469212947782 1.5872506270983373 0.06761600582956313 2.711113004498934
0.14755251142761533 1.5543732257796108 0.07605685964476422 2.656117276792066
0.1590705688712981 1.6986606195325755 0.06846385679690457 1.9639671620539694
0.1431016119920722 1.4996556110651935 0.09900724761587823 2.9364205931749114
0.1427509824566594 1.4953692523724487 0.0639097654357268 2.0609936658393115
0.16759652776479295 1.808037651845087 0.06299106041009767 1.9060456682864406
0.15176296996869318 1.6066634938922264 0.08045613051966734 2.6412763117381695
0.1499481960210246 1.5840620465315844 0.0708967113013775 2.3035054320042967
0.13968880883399476 1.4580834426077147 0.08092477724646643 2.1088028129473577
0.17614734049762687 1.9200072967223734 0.116926488762249 2.620586010832264
0.16388972497951626 1.7602100754951258 0.07736118216695888 2.705487163203494
0.1538601040717445 1.632902243722375 0.09433547606796586 2.9532880367191106
0.15266480497125043 1.6179310816840484 0.09601711160744329 3.6796128813911486
0.14069732139445684 1.4703340017193243 0.08554970429537417 2.4999480233803846
0.1503260196948787 1.5887595573719302 0.051038607430626444 2.010681070379641
0.14902909141165524 1.5726521639813829 0.09958553886610981 2.648862006103069
0.1630527178539175 1.7494690974725127 0.06527666617479809 1.9800355990645078
0.1379924070047621 1.4375416469325804 0.07260059096695762 1.8749032366449176
0.15578637153466132 1.6571180199073234 0.07351124404935692 2.9662417029659123
0.1420006450394174 1.4862083346351125 0.0684432728180257 2.2179339571132144
0.1621228621201905 1.7375617927984917 0.05969893244892167 2.1994461771646643
0.15211430173392887 1.6110502068428891 0.0759002562316097 3.6437748090209308
0.15183151109212326 1.6075190100057544 0.08532565729976369 3.0100052157120563
0.1446027962954277 1.5180469436996356 0.10274353018082158 2.8928473774547934
0.14648399291517392 1.5411852214360744 0.08542728473213766 2.81971691785722
0.1474588509904146 1.5532159162431645 0.09478208145413097 2.7979868619599295
0.15696608102497472 1.6720031968797104 0.10427985822520955 3.5144327713074883
0.1459368073861246 1.534444455235862 0.07726774678540962 2.701945901341985
0.14315523873234196 1.5003114938983217 0.07846541098761749 2.4141526630093906
0.14705260736995984 1.5481991334898315 0.08653625437485869 2.5315082626526944
0.1468507100917532 1.545707641350516 0.05167691579079266 2.037197715916556
0.1469965509380544 1.5475072567120034 0.08305437055740725 2.1693240154916276
0.16525013797304178 1.7777136678939534 0.08583413023065227 2.3720434731625786
0.15641329266092324 1.6650231160298734 0.04222385284767303 1.6481121433856312
0.14568133293941463 1.5313002281655272 0.06450431778635968 2.224851872804141
0.14611982547427 1.5366980893867859 0.06446698701439489 2.3872173301964197
0.13889565164631484 1.4484689970135947 0.08435379837636098 1.9974349438668504
0.14906320589337765 1.5730752250851738 0.06711710511543416 2.1718670390273114
0.14178597415628846 1.4835903511035584 0.0724627928898142 1.97365557331386
0.14825668387985055 1.5630824405004837 0.08459551664782108 2.469487790346634
0.16137809457731392 1.7280436868315037 0.08978086652156299 2.796636033710378
0.14461511781223177 1.5181981643542444 0.0888054383368469 2.9420875437408487
0.1518572548826771 1.607840374390992 0.09982216485291967 2.8014721242961045
0.1432837793636526 1.501883946740124 0.06229215190954898 2.005362693293917
0.15347896886346163 1.6281239209656257 0.04622602108105213 1.6790156577858153
0.14406777363276743 1.5114848668721406 0.0714581503866827 1.843129313421637
0.16145471029762754 1.7290220531645941 0.044598727292119306 1.7451371628735706
0.14834370402174687 1.5641597066867718 0.05682223552384037 1.81866165582118
0.15363004633991934 1.6300174765969424 0.07117877490894335 2.047816080468932
0.17452396174041995 1.8985713743227273 0.10874486703923628 3.936958393506941
0.14353216261827037 1.5049237858742779 0.07347207647601334 2.3938170154482483
0.142245681524107 1.4891982384375264 0.07126388183040387 2.316350565750769
0.15751329092611008 1.6789218598728224 0.04059164727372038 2.0689121019683574
0.15171599018538037 1.6060771818184467 0.06259575337850022 2.1546267965953296
0.1411024331757915 1.4752630568086664 0.06715372423108762 1.8186438457624803
0.1459276359494804 1.5343315461133693 0.05173884642938982 1.5469878353945477
0.16340944612812006 1.7540442208426448 0.09451891740967633 3.902404414482615
0.15839687769081695 1.6901125054773527 0.09106866463591344 3.4709758773020845
0.16139163818508154 1.7282166227933382 0.09712446575453797 2.576358386723973
0.14709259390472562 1.548692723060826 0.046420893835906196 1.1659026505333643
0.16598722174003874 1.7872211194837833 0.03807594030264347 1.6064143127560941
0.184527560524666 2.032021455657819 0.07289377933369842 2.3734939045652808
0.16177465190151952 1.7331095717532128 0.09030349878813154 1.9646736515612744
0.15581368990185984 1.6574622433240331 0.058150026266010256 1.6498359265732256
0.1400466940584934 1.462427441067147 0.09127431270460584 2.684036009295982
0.1431303602577422 1.5000072070486008 0.05936611829087551 1.4365694845752361
0.1459931025396155 1.5351375553340452 0.05186075714689137 1.7649029681592283
0.15505137524653506 1.647865099632704 0.06477641434610915 1.7498027301529957
0.1524805751183851 1.615627352440169 0.05322462947225099 2.493979227807786
0.15007533152346125 1.5856422657979168 0.07947630463673297 2.3071469910024405
0.1569599638098818 1.6719259044713686 0.07945874056272317 2.447352548334998
0.14859309879982163 1.5672483102279542 0.08587219632883446 2.6634452222411666
0.16432372905339007 1.7657879470813866 0.07581136265347775 2.6468405576905614
0.15020141044796176 1.5872098193687352 0.11724015674908392 3.7655805180097244
0.14962229756636522 1.5800134790702816 0.05189203484819304 2.046142249225948
0.15954988500731948 1.704750754157737 0.06639322746539639 3.1549096331923496
0.14417653633051059 1.5128181817973472 0.07071982961018963 2.4555491890010455
0.1523499893939892 1.6139950305432365 0.06752195276160475 2.5085345123722775
0.14174648199307585 1.483108873533976 0.09772183039519244 2.8941678472908143
0.1703321451231721 1.84360844428903 0.06036331131983292 2.2254958708137145
0.14471727853949568 1.5194521398322007 0.08370811137837718 2.4412163654754604
0.15444078747573706 1.6401905992980037 0.0653879732671496 1.5924841297877554
0.14884114936762863 1.5703220618904197 0.06085457847375192 1.9560842714762068
0.13899556273717315 1.4496791182027327 0.08930906313553795 2.4774913992142986
0.15215253036389084 1.6115277471479157 0.059415880021315946 2.3615536081830606
0.15115443529785666 1.599073948688237 0.07698363248040516 1.726108590230386
0.18506662672797436 2.0393057426824344 0.13587885025553934 3.579198876903234
0.14618247573303889 1.5374697693277193 0.07495612559227259 2.446087265607244
0.15783799584381908 1.6830315256239439 0.06986401136651141 2.602080765365047
0.15437750241542453 1.6393958009044807 0.03929661425131512 1.4170315353321712
0.15007032342724025 1.5855800091729721 0.03762605550978165 1.5866917028607195
0.1580528923473545 1.6857531314957583 0.051723838983894946 2.039148410687346
0.15109064935133418 1.5982790508058744 0.11153732536516471 4.693252883717594
0.15027918311604965 1.5881770077505744 0.04216118179218853 1.6455582458131817
0.15090877562706168 1.5960132035657446 0.06989681293713156 2.2685762933495215
0.14286321297670868 1.4967408609146333 0.09850311383162931 3.0980173476115116
0.14383655171881682 1.508651457882336 0.04816229541338462 1.3521250046800002
